3 9
4 56
7 59
7 69
7 79
10 76
13 79
14 6
14 49
14 59
14 69
15 79
17 81
18 42
19 81
20 63
20 76
21 49
21 59
21 69
21 79
21 80
21 81
23 74
23 80
24 77
24 80
25 77
26 77
26 81
27 79
28 10
28 19
28 29
28 39
28 49
28 59
28 69
29 6
29 73
31 7
31 69
32 8
32 61
33 60
34 11
34 56
34 64
35 10
35 19
35 29
35 39
35 49
36 13
36 15
36 27
37 33
37 57
37 60
37 63
38 24
38 28
38 49
38 59
38 66
39 31
39 32
39 33
39 39
39 55
39 59
39 61
39 62
39 64
40 32
40 51
40 55
40 56
40 59
41 50
42 50
42 51
42 58
43 48
45 43
45 46
