8 7
10 9
43 11
46 11
50 66
56 79
58 74
58 76
63 69
63 79
70 69
70 79
73 9
74 56
77 59
77 69
77 79
80 76
83 79
84 6
84 49
84 59
84 69
85 79
87 81
88 42
89 81
90 63
90 76
91 49
91 59
91 69
91 79
91 80
91 81
93 74
93 80
94 77
94 80
95 77
96 77
96 81
97 79
98 10
98 19
98 29
98 39
98 49
98 59
98 69
99 6
99 73
101 7
101 69
102 8
102 61
103 60
104 11
104 56
104 64
105 10
105 19
105 29
105 39
105 49
106 13
106 15
106 27
107 33
107 57
107 60
107 63
108 24
108 28
108 49
108 59
108 66
109 31
109 32
109 33
109 39
109 55
109 59
109 61
109 62
109 64
110 32
110 51
110 55
110 56
110 59
111 50
112 50
112 51
112 58
113 48
115 43
115 46
