1 12
1 15
2 32
2 33
4 14
5 12
5 33
5 36
6 13
6 33
6 34
6 37
7 8
7 11
7 36
7 37
7 39
8 11
8 35
8 36
9 10
9 11
9 12
9 13
10 3
10 7
10 13
10 14
10 35
10 37
11 5
11 6
11 11
11 34
11 40
12 4
12 7
12 8
12 36
13 7
13 34
13 36
13 37
14 9
14 11
14 36
14 39
15 2
15 5
15 8
15 9
15 10
15 33
15 35
16 4
16 9
16 10
17 6
17 9
17 10
17 31
17 32
17 41
18 9
18 30
18 35
19 7
19 8
19 32
19 33
19 34
20 4
20 6
20 7
20 8
20 30
20 34
20 38
21 1
21 3
21 8
21 31
21 32
21 39
22 2
22 7
22 32
22 35
22 37
23 1
23 3
23 33
23 34
23 36
24 2
24 32
25 3
25 31
26 31
26 33
26 34
27 3
27 32
27 34
28 31
28 37
28 39
29 33
29 34
30 32
30 35
30 38
31 34
31 36
31 40
31 41
32 35
32 40
32 41
33 36
33 39
35 31
