5 52
7 8
8 6
13 20
24 56
25 10
25 13
27 12
28 35
29 17
31 8
36 14
38 59
39 18
41 32
42 3
42 5
42 15
45 7
46 42
47 12
48 63
49 31
49 61
49 65
52 34
52 62
53 19
53 60
55 27
55 28
55 61
55 64
56 8
56 18
56 26
56 27
56 28
56 39
56 50
56 61
57 26
58 19
58 24
59 19
59 25
59 28
59 66
60 18
60 19
60 24
60 25
60 30
61 25
61 30
61 55
61 68
62 18
62 24
62 25
62 31
63 8
63 18
63 23
63 24
63 26
63 39
63 50
63 61
64 21
64 24
64 25
64 26
65 14
65 25
65 26
66 14
66 20
66 24
66 32
67 14
67 69
68 14
68 15
68 17
69 14
70 8
70 16
70 33
70 39
70 50
70 61
71 12
71 15
72 32
72 33
72 43
73 49
73 50
73 65
74 14
75 12
75 33
75 36
76 13
76 33
76 34
76 37
76 47
76 50
76 68
77 8
77 11
77 36
77 37
77 39
77 61
77 71
77 72
77 73
78 11
78 35
78 36
79 10
79 11
79 12
79 13
79 47
80 3
80 7
80 13
80 14
80 35
80 37
81 5
81 6
81 11
81 34
81 40
82 4
82 7
82 8
82 36
83 7
83 34
83 36
83 37
84 9
84 11
84 36
84 39
84 50
84 61
84 72
85 2
85 5
85 8
85 9
85 10
85 33
85 35
85 76
86 4
86 9
86 10
87 6
87 9
87 10
87 31
87 32
87 41
87 45
88 9
88 30
88 35
88 54
89 7
89 8
89 32
89 33
89 34
90 4
90 6
90 7
90 8
90 30
90 34
90 38
91 3
91 8
91 31
91 32
91 39
91 49
91 50
91 61
91 72
92 2
92 7
92 32
92 35
92 37
92 73
92 74
93 3
93 33
93 34
93 36
94 2
94 32
95 3
95 31
95 54
95 55
96 31
96 33
96 34
96 43
96 52
97 3
97 32
97 34
97 50
97 51
97 56
98 31
98 37
98 39
98 49
98 50
98 51
98 55
98 61
98 72
99 33
99 34
99 47
99 51
99 52
99 54
99 55
99 59
99 74
99 75
100 32
100 35
100 38
100 44
100 50
100 51
100 53
100 54
100 76
101 34
101 36
101 40
101 41
101 47
101 58
101 76
102 35
102 40
102 41
102 43
102 46
102 55
103 36
103 39
103 42
103 43
103 53
103 57
103 63
104 76
105 31
105 61
105 72
105 75
106 56
106 80
108 52
108 53
108 54
109 50
109 62
110 50
110 55
110 75
111 48
111 58
111 78
112 50
112 61
112 72
112 73
113 75
113 78
115 47
115 48
115 76
116 50
116 59
117 47
117 78
119 45
119 50
119 61
119 72
119 78
120 46
120 48
120 54
121 51
121 56
121 58
121 77
122 45
122 47
122 49
122 53
122 58
122 79
123 47
123 49
123 58
123 63
123 66
123 79
124 49
124 56
125 48
125 78
125 79
126 50
126 61
126 72
