5 52
7 8
8 6
13 20
24 56
25 10
25 13
27 12
28 35
29 17
31 8
36 14
38 59
39 18
41 32
42 3
42 5
42 15
45 7
46 42
47 12
48 63
49 31
49 61
49 65
52 34
52 62
53 19
53 60
55 27
55 28
55 61
55 64
56 8
56 18
56 26
56 27
56 28
56 39
56 50
56 61
57 26
58 19
58 24
59 19
59 25
59 28
59 66
60 18
60 19
60 24
60 25
60 30
61 25
61 30
61 55
61 68
62 18
62 24
62 25
62 31
63 8
63 18
63 23
63 24
63 26
63 39
63 50
63 61
64 21
64 24
64 25
64 26
65 14
65 25
65 26
66 14
66 20
66 24
66 32
67 14
67 69
68 14
68 15
68 17
69 14
