1 15
2 32
2 33
2 43
3 49
3 50
3 65
4 14
5 12
5 33
5 36
6 13
6 33
6 34
6 37
6 47
6 50
6 68
7 8
7 11
7 36
7 37
7 39
7 61
7 71
7 72
7 73
8 11
8 35
8 36
9 10
9 11
9 12
9 13
9 47
10 3
10 7
10 13
10 14
10 35
10 37
11 5
11 6
11 11
11 34
11 40
12 4
12 7
12 8
12 36
13 7
13 34
13 36
13 37
14 9
14 11
14 36
14 39
14 50
14 61
14 72
15 2
15 5
15 8
15 9
15 10
15 33
15 35
15 76
16 4
16 9
16 10
17 6
17 9
17 10
17 31
17 32
17 41
17 45
18 9
18 30
18 35
18 54
19 7
19 8
19 32
19 33
19 34
20 4
20 6
20 7
20 8
20 30
20 34
20 38
21 3
21 8
21 31
21 32
21 39
21 49
21 50
21 61
21 72
22 2
22 7
22 32
22 35
22 37
22 73
22 74
23 3
23 33
23 34
23 36
24 2
24 32
25 3
25 31
25 54
25 55
26 31
26 33
26 34
26 43
26 52
27 3
27 32
27 34
27 50
27 51
27 56
28 31
28 37
28 39
28 49
28 50
28 51
28 55
28 61
28 72
29 33
29 34
29 47
29 51
29 52
29 54
29 55
29 59
29 74
29 75
30 32
30 35
30 38
30 44
30 50
30 51
30 53
30 54
30 76
31 34
31 36
31 40
31 41
31 47
31 58
31 76
32 35
32 40
32 41
32 43
32 46
32 55
33 36
33 39
33 42
33 43
33 53
33 57
33 63
34 76
35 31
35 61
35 72
35 75
36 56
36 80
38 52
38 53
38 54
39 50
39 62
40 50
40 55
40 75
41 48
41 58
41 78
42 50
42 61
42 72
42 73
43 75
43 78
45 47
45 48
45 76
46 50
46 59
47 47
47 78
49 45
49 50
49 61
49 72
49 78
50 46
50 48
50 54
51 51
51 56
51 58
51 77
52 45
52 47
52 49
52 53
52 58
52 79
53 47
53 49
53 58
53 63
53 66
53 79
54 49
54 56
55 48
55 78
55 79
56 50
56 61
56 72
