  0.010    0.01757   0.07736   0.38267
  0.011    0.01802   0.07767   0.38303
  0.013    0.01851   0.07801   0.38342
  0.014    0.01903   0.07836   0.38383
  0.016    0.01959   0.07874   0.38426
  0.018    0.02019   0.07915   0.38472
  0.020    0.02084   0.07958   0.38520
  0.022    0.02154   0.08003   0.38571
  0.025    0.02229   0.08052   0.38625
  0.028    0.02310   0.08104   0.38681
  0.032    0.02396   0.08159   0.38741
  0.035    0.02490   0.08218   0.38805
  0.040    0.02590   0.08280   0.38872
  0.045    0.02698   0.08347   0.38942
  0.050    0.02815   0.08418   0.39017
  0.056    0.02940   0.08494   0.39096
  0.063    0.03074   0.08574   0.39179
  0.071    0.03219   0.08660   0.39267
  0.079    0.03375   0.08752   0.39360
  0.089    0.03542   0.08849   0.39459
  0.100    0.03722   0.08953   0.39562
  0.112    0.03916   0.09063   0.39672
  0.126    0.04125   0.09181   0.39788
  0.141    0.04349   0.09306   0.39910
  0.158    0.04590   0.09440   0.40040
  0.178    0.04850   0.09582   0.40177
  0.200    0.05129   0.09734   0.40321
  0.224    0.05430   0.09895   0.40474
  0.251    0.05753   0.10067   0.40635
  0.282    0.06100   0.10251   0.40805
  0.316    0.06474   0.10446   0.40986
  0.355    0.06876   0.10655   0.41176
  0.398    0.07309   0.10876   0.41377
  0.447    0.07775   0.11113   0.41590
  0.501    0.08276   0.11365   0.41814
  0.562    0.08814   0.11633   0.42052
  0.631    0.09394   0.11920   0.42303
  0.708    0.10017   0.12225   0.42568
  0.794    0.10688   0.12550   0.42848
  0.891    0.11409   0.12896   0.43144
  1.000    0.12185   0.13265   0.43457
  1.122    0.13020   0.13659   0.43788
  1.259    0.13918   0.14079   0.44138
  1.413    0.14885   0.14526   0.44508
  1.585    0.15924   0.15003   0.44899
  1.778    0.17042   0.15511   0.45312
  1.995    0.18245   0.16053   0.45749
  2.239    0.19539   0.16630   0.46210
  2.512    0.20931   0.17246   0.46698
  2.818    0.22428   0.17903   0.47214
  3.162    0.24039   0.18602   0.47759
  3.548    0.25772   0.19349   0.48336
  3.981    0.27636   0.20145   0.48945
  4.467    0.29642   0.20993   0.49589
  5.012    0.31799   0.21898   0.50271
  5.623    0.34120   0.22862   0.50991
  6.310    0.36616   0.23891   0.51752
  7.079    0.39302   0.24988   0.52557
  7.943    0.42191   0.26158   0.53408
  8.912    0.45299   0.27406   0.54307
 10.000    0.48643   0.28737   0.55259
