0.000000 31.000000
3.858E-7 13.755134 37.955364
3.858E-7 13.755198 37.955387
3.858E-7 13.755258 37.955406
3.858E-7 13.755306 37.955418
3.858E-7 13.755350 37.955429
3.858E-7 13.755387 37.955441
3.858E-7 13.755423 37.955448
3.858E-7 13.755454 37.955456
3.858E-7 13.755486 37.955463
3.858E-7 13.755523 37.955471
3.858E-7 13.755570 37.955486
3.858E-7 13.755636 37.955509
3.858E-7 13.755709 37.955544
3.858E-7 13.755759 37.955620
3.858E-7 13.755838 37.955742
3.858E-7 13.755842 37.955879
3.858E-7 13.755695 37.956177
3.858E-7 13.755563 37.956703
3.858E-7 13.755209 37.957603
3.858E-7 13.754641 37.959030
3.858E-7 13.753719 37.961922
3.858E-7 13.744625 37.975582
3.858E-7 13.706014 38.022663
3.858E-7 13.668427 38.100510
3.858E-7 13.660045 38.220169
3.858E-7 13.669550 38.339214
3.858E-7 13.736685 38.458897
3.858E-7 13.859699 38.566254
3.858E-7 13.944887 38.638229
3.858E-7 13.938519 38.666698
3.858E-7 13.853191 38.665733
3.858E-7 13.703698 38.645779
3.858E-7 13.520092 38.612190
3.858E-7 13.356291 38.575562
3.858E-7 13.176896 38.531734
3.858E-7 13.022368 38.493153
3.858E-7 12.919518 38.467846
3.858E-7 12.858915 38.453587
3.858E-7 12.821899 38.445442
3.858E-7 12.796864 38.440617
3.858E-7 12.787673 38.439701
3.858E-7 0.000000 0.000000
31.000000 59.000000
3.858E-7 13.262348 38.002480
3.858E-7 13.262406 38.002499
3.858E-7 13.262461 38.002510
3.858E-7 13.262507 38.002529
3.858E-7 13.262551 38.002544
3.858E-7 13.262583 38.002556
3.858E-7 13.262618 38.002575
3.858E-7 13.262653 38.002602
3.858E-7 13.262699 38.002651
3.858E-7 13.262676 38.002750
3.858E-7 13.262578 38.002884
3.858E-7 13.262423 38.003056
3.858E-7 13.262178 38.003277
3.858E-7 13.261948 38.003532
3.858E-7 13.261703 38.003868
3.858E-7 13.261625 38.004379
3.858E-7 13.261556 38.005001
3.858E-7 13.261418 38.006046
3.858E-7 13.261402 38.007622
3.858E-7 13.261353 38.009861
3.858E-7 13.261877 38.012978
3.858E-7 13.263752 38.017757
3.858E-7 13.270431 38.029743
3.858E-7 13.300663 38.078873
3.858E-7 13.390711 38.171219
3.858E-7 13.536735 38.298809
3.858E-7 13.743612 38.451302
3.858E-7 13.905890 38.576683
3.858E-7 13.971399 38.641045
3.858E-7 13.964615 38.669609
3.858E-7 13.880136 38.669647
3.858E-7 13.727092 38.650051
3.858E-7 13.541055 38.616692
3.858E-7 13.377696 38.580750
3.858E-7 13.195072 38.536278
3.858E-7 13.034459 38.496155
3.858E-7 12.925692 38.469322
3.858E-7 12.861814 38.454231
3.858E-7 12.823532 38.445774
3.858E-7 12.797596 38.440735
3.858E-7 12.787719 38.439655
3.858E-7 0.000000 0.000000
59.000000 90.000000
3.858E-7 13.332236 38.003067
3.858E-7 13.331148 38.003139
3.858E-7 13.325535 38.003300
3.858E-7 13.318560 38.003513
3.858E-7 13.311346 38.003761
3.858E-7 13.304276 38.004105
3.858E-7 13.296993 38.004337
3.858E-7 13.290273 38.004555
3.858E-7 13.284290 38.004784
3.858E-7 13.277948 38.005116
3.858E-7 13.271967 38.005440
3.858E-7 13.264888 38.005768
3.858E-7 13.257046 38.006100
3.858E-7 13.247947 38.006638
3.858E-7 13.235260 38.007511
3.858E-7 13.218578 38.009079
3.858E-7 13.202917 38.011173
3.858E-7 13.188910 38.013618
3.858E-7 13.177195 38.016685
3.858E-7 13.167419 38.020988
3.858E-7 13.160334 38.027935
3.858E-7 13.156988 38.040520
3.858E-7 13.162384 38.064659
3.858E-7 13.197643 38.114136
3.858E-7 13.298904 38.202892
3.858E-7 13.439035 38.315971
3.858E-7 13.604984 38.432983
3.858E-7 13.856581 38.569534
3.858E-7 13.976648 38.647678
3.858E-7 13.963116 38.671719
3.858E-7 13.872453 38.669518
3.858E-7 13.714350 38.648083
3.858E-7 13.525198 38.613609
3.858E-7 13.367309 38.578323
3.858E-7 13.186446 38.534145
3.858E-7 13.028636 38.494705
3.858E-7 12.921910 38.468407
3.858E-7 12.859430 38.453682
3.858E-7 12.821919 38.445438
3.858E-7 12.796815 38.440586
3.858E-7 12.787340 38.439590
3.858E-7 0.000000 0.000000
90.000000 120.000000
3.858E-7 14.632053 37.936897
3.858E-7 14.598771 37.937054
3.858E-7 14.541487 37.937447
3.858E-7 14.477839 37.937222
3.858E-7 14.411467 37.937069
3.858E-7 14.336439 37.937302
3.858E-7 14.254501 37.938221
3.858E-7 14.171278 37.940186
3.858E-7 14.096575 37.941566
3.858E-7 14.020562 37.942722
3.858E-7 13.940116 37.944359
3.858E-7 13.856049 37.947182
3.858E-7 13.756211 37.950756
3.858E-7 13.661866 37.954628
3.858E-7 13.578022 37.958797
3.858E-7 13.511601 37.963573
3.858E-7 13.451463 37.968113
3.858E-7 13.398595 37.974075
3.858E-7 13.347393 37.983833
3.858E-7 13.295838 38.001026
3.858E-7 13.257910 38.026466
3.858E-7 13.238150 38.061886
3.858E-7 13.241247 38.111290
3.858E-7 13.268193 38.173038
3.858E-7 13.319399 38.241844
3.858E-7 13.414612 38.326313
3.858E-7 13.621601 38.454563
3.858E-7 13.837103 38.577011
3.858E-7 13.951837 38.649265
3.858E-7 13.944803 38.672726
3.858E-7 13.845695 38.666588
3.858E-7 13.685174 38.643166
3.858E-7 13.497347 38.607967
3.858E-7 13.345784 38.573349
3.858E-7 13.168047 38.529633
3.858E-7 13.015936 38.491558
3.858E-7 12.914724 38.466675
3.858E-7 12.855717 38.452850
3.858E-7 12.819826 38.445023
3.858E-7 12.796017 38.440472
3.858E-7 12.787211 38.439606
3.858E-7 0.000000 0.000000
120.000000 151.000000
3.858E-7 18.046610 37.777561
3.858E-7 17.959818 37.776699
3.858E-7 17.796919 37.774956
3.858E-7 17.618488 37.773407
3.858E-7 17.428877 37.772118
3.858E-7 17.216171 37.771309
3.858E-7 16.962273 37.771175
3.858E-7 16.639463 37.771748
3.858E-7 16.276234 37.775028
3.858E-7 15.855503 37.781967
3.858E-7 15.429079 37.790554
3.858E-7 15.048038 37.801788
3.858E-7 14.725102 37.814194
3.858E-7 14.458239 37.830254
3.858E-7 14.231329 37.850536
3.858E-7 14.031370 37.874710
3.858E-7 13.857248 37.902576
3.858E-7 13.716101 37.932858
3.858E-7 13.600585 37.966282
3.858E-7 13.499289 38.005939
3.858E-7 13.419496 38.055027
3.858E-7 13.373739 38.113197
3.858E-7 13.357299 38.177746
3.858E-7 13.364570 38.245354
3.858E-7 13.399755 38.313492
3.858E-7 13.485082 38.390720
3.858E-7 13.636829 38.487579
3.858E-7 13.804605 38.582920
3.858E-7 13.906509 38.648537
3.858E-7 13.887064 38.667389
3.858E-7 13.779402 38.657883
3.858E-7 13.619936 38.632088
3.858E-7 13.449946 38.598217
3.858E-7 13.307974 38.564678
3.858E-7 13.136494 38.521984
3.858E-7 12.995971 38.486702
3.858E-7 12.904949 38.464390
3.858E-7 12.851898 38.452061
3.858E-7 12.818762 38.444931
3.858E-7 12.796240 38.440681
3.858E-7 12.787985 38.439976
3.858E-7 0.000000 0.000000
151.000000 181.000000
3.858E-7 21.425367 37.769344
3.858E-7 21.230856 37.764580
3.858E-7 20.895662 37.758671
3.858E-7 20.543232 37.752934
3.858E-7 20.144461 37.746868
3.858E-7 19.729927 37.741695
3.858E-7 19.279987 37.739059
3.858E-7 18.785219 37.735054
3.858E-7 18.256264 37.730278
3.858E-7 17.674089 37.724735
3.858E-7 17.081135 37.721451
3.858E-7 16.481623 37.720322
3.858E-7 15.939030 37.726017
3.858E-7 15.480244 37.742062
3.858E-7 15.070272 37.766464
3.858E-7 14.686736 37.798229
3.858E-7 14.368989 37.836517
3.858E-7 14.118470 37.880825
3.858E-7 13.910318 37.931648
3.858E-7 13.736431 37.989159
3.858E-7 13.599339 38.052631
3.858E-7 13.506124 38.121223
3.858E-7 13.460282 38.193970
3.858E-7 13.457916 38.269192
3.858E-7 13.492223 38.343071
3.858E-7 13.566895 38.420986
3.858E-7 13.692236 38.511230
3.858E-7 13.824444 38.597237
3.858E-7 13.890626 38.650986
3.858E-7 13.854011 38.663601
3.858E-7 13.740500 38.651299
3.858E-7 13.587325 38.625568
3.858E-7 13.430126 38.593449
3.858E-7 13.289191 38.560074
3.858E-7 13.123684 38.518833
3.858E-7 12.990101 38.485336
3.858E-7 12.903028 38.464024
3.858E-7 12.851084 38.451946
3.858E-7 12.818358 38.444881
3.858E-7 12.796208 38.440727
3.858E-7 12.788350 38.440151
3.858E-7 0.000000 0.000000
181.000000 212.000000
3.858E-7 23.117496 37.938736
3.858E-7 22.948050 37.932625
3.858E-7 22.650181 37.923607
3.858E-7 22.246096 37.912186
3.858E-7 21.782169 37.899849
3.858E-7 21.264191 37.886906
3.858E-7 20.676399 37.874023
3.858E-7 20.028852 37.862003
3.858E-7 19.358997 37.851486
3.858E-7 18.658079 37.842506
3.858E-7 17.946821 37.835033
3.858E-7 17.253725 37.833023
3.858E-7 16.589668 37.835960
3.858E-7 15.932941 37.844299
3.858E-7 15.369080 37.865612
3.858E-7 14.906155 37.898571
3.858E-7 14.525442 37.938900
3.858E-7 14.213011 37.984192
3.858E-7 13.961893 38.034256
3.858E-7 13.769080 38.088310
3.858E-7 13.630987 38.144459
3.858E-7 13.543121 38.202286
3.858E-7 13.503138 38.263046
3.858E-7 13.508056 38.329350
3.858E-7 13.555322 38.401222
3.858E-7 13.637345 38.477798
3.858E-7 13.742850 38.555664
3.858E-7 13.839564 38.623596
3.858E-7 13.858305 38.656033
3.858E-7 13.792067 38.656609
3.858E-7 13.671936 38.639545
3.858E-7 13.525355 38.612907
3.858E-7 13.377784 38.581367
3.858E-7 13.245699 38.549385
3.858E-7 13.090631 38.510635
3.858E-7 12.971220 38.480751
3.858E-7 12.893666 38.461868
3.858E-7 12.846755 38.451065
3.858E-7 12.816303 38.444576
3.858E-7 12.795625 38.440804
3.858E-7 12.788594 38.440388
3.858E-7 0.000000 0.000000
212.000000 243.000000
3.858E-7 23.839760 38.026882
3.858E-7 23.753551 38.022881
3.858E-7 23.559965 38.015274
3.858E-7 23.309544 38.005867
3.858E-7 22.967327 37.993965
3.858E-7 22.520031 37.979702
3.858E-7 21.942019 37.961834
3.858E-7 21.251589 37.941471
3.858E-7 20.526211 37.921539
3.858E-7 19.743193 37.902920
3.858E-7 19.009972 37.889557
3.858E-7 18.288130 37.880142
3.858E-7 17.552608 37.874966
3.858E-7 16.806795 37.875668
3.858E-7 16.075285 37.885330
3.858E-7 15.405569 37.907639
3.858E-7 14.843725 37.943535
3.858E-7 14.418301 37.990009
3.858E-7 14.111327 38.042191
3.858E-7 13.888228 38.097713
3.858E-7 13.731556 38.156418
3.858E-7 13.629531 38.218143
3.858E-7 13.573803 38.282410
3.858E-7 13.561525 38.348526
3.858E-7 13.592331 38.415985
3.858E-7 13.659536 38.486618
3.858E-7 13.751256 38.559769
3.858E-7 13.824363 38.620674
3.858E-7 13.825628 38.649567
3.858E-7 13.759050 38.650410
3.858E-7 13.648436 38.635494
3.858E-7 13.508941 38.609940
3.858E-7 13.366099 38.579006
3.858E-7 13.236978 38.547436
3.858E-7 13.084203 38.509151
3.858E-7 12.968273 38.480114
3.858E-7 12.893407 38.461891
3.858E-7 12.847628 38.451363
3.858E-7 12.817644 38.445000
3.858E-7 12.796754 38.441200
3.858E-7 12.789722 38.440796
3.858E-7 0.000000 0.000000
243.000000 273.000000
3.858E-7 21.447998 37.967178
3.858E-7 21.439806 37.966789
3.858E-7 21.422791 37.966419
3.858E-7 21.388784 37.965080
3.858E-7 21.338413 37.963013
3.858E-7 21.267832 37.961067
3.858E-7 21.170061 37.959446
3.858E-7 21.041111 37.957851
3.858E-7 20.848742 37.953999
3.858E-7 20.583580 37.947105
3.858E-7 20.226534 37.937168
3.858E-7 19.766710 37.924782
3.858E-7 19.214046 37.913151
3.858E-7 18.525404 37.900517
3.858E-7 17.574692 37.882206
3.858E-7 16.566507 37.872387
3.858E-7 15.688304 37.883278
3.858E-7 14.976957 37.917770
3.858E-7 14.488942 37.971970
3.858E-7 14.139923 38.035126
3.858E-7 13.897356 38.101685
3.858E-7 13.738218 38.169918
3.858E-7 13.644396 38.239426
3.858E-7 13.605310 38.310040
3.858E-7 13.611113 38.380985
3.858E-7 13.655114 38.452522
3.858E-7 13.739475 38.531639
3.858E-7 13.833060 38.605167
3.858E-7 13.856605 38.645710
3.858E-7 13.800859 38.653362
3.858E-7 13.692881 38.641445
3.858E-7 13.549469 38.617100
3.858E-7 13.400537 38.586452
3.858E-7 13.267818 38.555016
3.858E-7 13.112590 38.516342
3.858E-7 12.986278 38.484680
3.858E-7 12.903594 38.464432
3.858E-7 12.853298 38.452732
3.858E-7 12.821232 38.445812
3.858E-7 12.798772 38.441616
3.858E-7 12.791027 38.441135
3.858E-7 0.000000 0.000000
273.000000 304.000000
3.858E-7 19.101105 37.859440
3.858E-7 19.098585 37.859421
3.858E-7 19.094982 37.859497
3.858E-7 19.091539 37.859737
3.858E-7 19.087826 37.860001
3.858E-7 19.083975 37.860428
3.858E-7 19.078598 37.860909
3.858E-7 19.069571 37.861404
3.858E-7 19.048069 37.861855
3.858E-7 19.015987 37.862213
3.858E-7 18.979763 37.862434
3.858E-7 18.925072 37.863258
3.858E-7 18.833267 37.865261
3.858E-7 18.654987 37.865570
3.858E-7 18.311581 37.862167
3.858E-7 17.675760 37.851257
3.858E-7 16.751444 37.846245
3.858E-7 15.782073 37.855843
3.858E-7 15.024965 37.893894
3.858E-7 14.453422 37.953716
3.858E-7 14.081344 38.025078
3.858E-7 13.858227 38.097157
3.858E-7 13.707439 38.169052
3.858E-7 13.620131 38.241795
3.858E-7 13.591155 38.316463
3.858E-7 13.618058 38.394150
3.858E-7 13.702509 38.484142
3.858E-7 13.818653 38.575932
3.858E-7 13.880822 38.635887
3.858E-7 13.852345 38.655716
3.858E-7 13.756425 38.650253
3.858E-7 13.610559 38.628342
3.858E-7 13.449426 38.597263
3.858E-7 13.305470 38.564178
3.858E-7 13.141929 38.523716
3.858E-7 13.004122 38.489174
3.858E-7 12.913030 38.466763
3.858E-7 12.858268 38.453922
3.858E-7 12.824021 38.446438
3.858E-7 12.800125 38.441910
3.858E-7 12.791611 38.441269
3.858E-7 0.000000 0.000000
304.000000 334.000000
3.858E-7 16.786421 37.807594
3.858E-7 16.786497 37.807907
3.858E-7 16.786486 37.808125
3.858E-7 16.786512 37.808670
3.858E-7 16.786579 37.809029
3.858E-7 16.786663 37.809284
3.858E-7 16.786760 37.809452
3.858E-7 16.786892 37.809628
3.858E-7 16.787012 37.809799
3.858E-7 16.787100 37.809998
3.858E-7 16.787062 37.810246
3.858E-7 16.786625 37.810726
3.858E-7 16.785452 37.811745
3.858E-7 16.782457 37.814266
3.858E-7 16.766325 37.818558
3.858E-7 16.702852 37.824017
3.858E-7 16.496832 37.832253
3.858E-7 16.033747 37.843124
3.858E-7 15.380754 37.870144
3.858E-7 14.815439 37.911846
3.858E-7 14.349433 37.971378
3.858E-7 14.008669 38.040531
3.858E-7 13.814681 38.109894
3.858E-7 13.684459 38.184196
3.858E-7 13.614302 38.262699
3.858E-7 13.609961 38.347130
3.858E-7 13.684021 38.445004
3.858E-7 13.811578 38.549900
3.858E-7 13.901602 38.626137
3.858E-7 13.895986 38.657688
3.858E-7 13.806864 38.657295
3.858E-7 13.657643 38.636929
3.858E-7 13.486843 38.605228
3.858E-7 13.332928 38.570641
3.858E-7 13.163191 38.528973
3.858E-7 13.017280 38.492455
3.858E-7 12.919893 38.468449
3.858E-7 12.861462 38.454674
3.858E-7 12.825384 38.446724
3.858E-7 12.800653 38.442001
3.858E-7 12.791683 38.441250
3.858E-7 0.000000 0.000000
334.000000 365.000000
3.858E-7 14.808939 37.854153
3.858E-7 14.809068 37.854225
3.858E-7 14.809174 37.854275
3.858E-7 14.809267 37.854332
3.858E-7 14.809356 37.854378
3.858E-7 14.809447 37.854427
3.858E-7 14.809551 37.854485
3.858E-7 14.809688 37.854549
3.858E-7 14.809845 37.854637
3.858E-7 14.810004 37.854755
3.858E-7 14.810124 37.854919
3.858E-7 14.810266 37.855125
3.858E-7 14.810472 37.855408
3.858E-7 14.810650 37.855877
3.858E-7 14.810854 37.856663
3.858E-7 14.810624 37.858360
3.858E-7 14.807017 37.860836
3.858E-7 14.795195 37.864563
3.858E-7 14.714840 37.875702
3.858E-7 14.548300 37.895729
3.858E-7 14.341068 37.934395
3.858E-7 14.096580 38.007389
3.858E-7 13.901116 38.089272
3.858E-7 13.760229 38.176754
3.858E-7 13.672952 38.269306
3.858E-7 13.650641 38.358162
3.858E-7 13.716193 38.458118
3.858E-7 13.846010 38.562496
3.858E-7 13.928923 38.631622
3.858E-7 13.915815 38.660542
3.858E-7 13.821995 38.658882
3.858E-7 13.672033 38.639027
3.858E-7 13.500259 38.607803
3.858E-7 13.343853 38.573151
3.858E-7 13.172368 38.531254
3.858E-7 13.022093 38.493675
3.858E-7 12.921376 38.468826
3.858E-7 12.861611 38.454720
3.858E-7 12.825103 38.446678
3.858E-7 12.800505 38.441982
3.858E-7 12.791549 38.441212
3.858E-7 0.000000 0.000000
