5 134
7 90
8 7
8 88
10 9
13 102
24 138
25 92
25 95
27 94
28 117
29 99
31 90
36 96
38 141
39 100
41 114
42 85
42 87
42 97
43 11
45 89
46 11
46 124
47 94
48 145
49 113
49 143
49 147
50 66
52 116
52 144
53 101
53 142
55 109
55 110
55 143
55 146
56 79
56 90
56 100
56 108
56 109
56 110
56 121
56 132
56 143
57 108
58 74
58 76
58 101
58 106
59 101
59 107
59 110
59 148
60 100
60 101
60 106
60 107
60 112
61 107
61 112
61 137
61 150
62 100
62 106
62 107
62 113
63 69
63 79
63 90
63 100
63 105
63 106
63 108
63 121
63 132
63 143
64 103
64 106
64 107
64 108
65 96
65 107
65 108
66 82
66 96
66 102
66 106
66 114
67 96
67 151
68 96
68 97
68 99
69 96
70 69
70 79
70 90
70 98
70 115
70 121
70 132
70 143
71 94
71 97
72 114
72 115
72 125
73 9
73 131
73 132
73 147
74 56
74 96
75 94
75 115
75 118
76 95
76 115
76 116
76 119
76 129
76 132
76 150
77 59
77 69
77 79
77 90
77 93
77 118
77 119
77 121
77 143
77 153
77 154
77 155
78 93
78 117
78 118
79 92
79 93
79 94
79 95
79 129
80 76
80 85
80 89
80 95
80 96
80 117
80 119
81 87
81 88
81 93
81 116
81 122
82 86
82 89
82 90
82 118
83 79
83 89
83 116
83 118
83 119
84 6
84 49
84 59
84 69
84 91
84 93
84 118
84 121
84 132
84 143
84 154
85 79
85 84
85 87
85 90
85 91
85 92
85 115
85 117
85 158
86 86
86 91
86 92
87 81
87 88
87 91
87 92
87 113
87 114
87 123
87 127
88 42
88 91
88 112
88 117
88 136
89 81
89 89
89 90
89 114
89 115
89 116
90 63
90 76
90 86
90 88
90 89
90 90
90 112
90 116
90 120
91 49
91 59
91 69
91 79
91 80
91 81
91 83
91 85
91 90
91 113
91 114
91 121
91 131
91 132
91 143
91 154
92 84
92 89
92 114
92 117
92 119
92 155
92 156
93 74
93 80
93 83
93 85
93 115
93 116
93 118
94 77
94 80
94 84
94 114
95 77
95 82
95 85
95 113
95 136
95 137
96 77
96 81
96 113
96 115
96 116
96 125
96 134
97 79
97 85
97 114
97 116
97 132
97 133
97 138
98 10
98 19
98 29
98 39
98 49
98 59
98 69
98 113
98 119
98 121
98 131
98 132
98 133
98 137
98 143
98 154
99 6
99 73
99 115
99 116
99 129
99 133
99 134
99 136
99 137
99 141
99 156
99 157
100 114
100 117
100 120
100 126
100 132
100 133
100 135
100 136
100 158
101 7
101 69
101 116
101 118
101 122
101 123
101 129
101 140
101 158
102 8
102 61
102 117
102 122
102 123
102 125
102 128
102 137
103 60
103 118
103 121
103 124
103 125
103 135
103 139
103 145
104 11
104 56
104 64
104 158
105 10
105 19
105 29
105 39
105 49
105 113
105 143
105 154
105 157
106 13
106 15
106 27
106 138
106 162
107 33
107 57
107 60
107 63
108 24
108 28
108 49
108 59
108 66
108 134
108 135
108 136
109 31
109 32
109 33
109 39
109 55
109 59
109 61
109 62
109 64
109 132
109 144
110 32
110 51
110 55
110 56
110 59
110 132
110 137
110 157
111 50
111 130
111 140
111 160
112 50
112 51
112 58
112 132
112 143
112 154
112 155
113 48
113 157
113 160
115 43
115 46
115 129
115 130
115 158
116 132
116 141
117 129
117 160
119 127
119 132
119 143
119 154
119 160
120 128
120 130
120 136
121 133
121 138
121 140
121 159
122 127
122 129
122 131
122 135
122 140
122 161
123 129
123 131
123 140
123 145
123 148
123 161
124 131
124 138
125 130
125 160
125 161
126 132
126 143
126 154
